11.5000000000 5.0000000000 6.5000000000
13.0000000000 5.0000000000 8.0000000000
13.0000000000 10.0000000000 8.0000000000
11.5000000000 10.0000000000 6.5000000000
#

11.5000000000 5.0000000000 6.5000000000
13.0000000000 5.0000000000 5.0000000000
13.0000000000 10.0000000000 5.0000000000
11.5000000000 10.0000000000 6.5000000000
#

11.5000000000 5.0000000000 6.5000000000
10.0000000000 5.0000000000 5.0000000000
10.0000000000 10.0000000000 5.0000000000
11.5000000000 10.0000000000 6.5000000000
#

11.5000000000 5.0000000000 6.5000000000
10.0000000000 5.0000000000 8.0000000000
10.0000000000 10.0000000000 8.0000000000
11.5000000000 10.0000000000 6.5000000000
#

11.5000000000 5.0000000000 6.5000000000
13.0000000000 5.0000000000 8.0000000000
13.0000000000 10.0000000000 8.0000000000
11.5000000000 10.0000000000 6.5000000000
#

