3.5000000000 3.0000000000 8.5000000000
5.0000000000 3.0000000000 10.0000000000
5.0000000000 8.0000000000 10.0000000000
3.5000000000 8.0000000000 8.5000000000
#

3.5000000000 3.0000000000 8.5000000000
5.0000000000 3.0000000000 7.0000000000
5.0000000000 8.0000000000 7.0000000000
3.5000000000 8.0000000000 8.5000000000
#

3.5000000000 3.0000000000 8.5000000000
2.0000000000 3.0000000000 7.0000000000
2.0000000000 8.0000000000 7.0000000000
3.5000000000 8.0000000000 8.5000000000
#

3.5000000000 3.0000000000 8.5000000000
2.0000000000 3.0000000000 10.0000000000
2.0000000000 8.0000000000 10.0000000000
3.5000000000 8.0000000000 8.5000000000
#

3.5000000000 3.0000000000 8.5000000000
5.0000000000 3.0000000000 10.0000000000
5.0000000000 8.0000000000 10.0000000000
3.5000000000 8.0000000000 8.5000000000
#

