8.5000000000 -4.0000000000 8.5000000000
10.0000000000 -4.0000000000 10.0000000000
10.0000000000 1.0000000000 10.0000000000
8.5000000000 1.0000000000 8.5000000000
#

8.5000000000 -4.0000000000 8.5000000000
10.0000000000 -4.0000000000 7.0000000000
10.0000000000 1.0000000000 7.0000000000
8.5000000000 1.0000000000 8.5000000000
#

8.5000000000 -4.0000000000 8.5000000000
7.0000000000 -4.0000000000 7.0000000000
7.0000000000 1.0000000000 7.0000000000
8.5000000000 1.0000000000 8.5000000000
#

8.5000000000 -4.0000000000 8.5000000000
7.0000000000 -4.0000000000 10.0000000000
7.0000000000 1.0000000000 10.0000000000
8.5000000000 1.0000000000 8.5000000000
#

8.5000000000 -4.0000000000 8.5000000000
10.0000000000 -4.0000000000 10.0000000000
10.0000000000 1.0000000000 10.0000000000
8.5000000000 1.0000000000 8.5000000000
#

