-2.5000000000 7.0000000000 14.5000000000
-1.0000000000 7.0000000000 16.0000000000
-1.0000000000 12.0000000000 16.0000000000
-2.5000000000 12.0000000000 14.5000000000
#

-2.5000000000 7.0000000000 14.5000000000
-1.0000000000 7.0000000000 13.0000000000
-1.0000000000 12.0000000000 13.0000000000
-2.5000000000 12.0000000000 14.5000000000
#

-2.5000000000 7.0000000000 14.5000000000
-4.0000000000 7.0000000000 13.0000000000
-4.0000000000 12.0000000000 13.0000000000
-2.5000000000 12.0000000000 14.5000000000
#

-2.5000000000 7.0000000000 14.5000000000
-4.0000000000 7.0000000000 16.0000000000
-4.0000000000 12.0000000000 16.0000000000
-2.5000000000 12.0000000000 14.5000000000
#

-2.5000000000 7.0000000000 14.5000000000
-1.0000000000 7.0000000000 16.0000000000
-1.0000000000 12.0000000000 16.0000000000
-2.5000000000 12.0000000000 14.5000000000
#

