20.0000000000 20.0000000000 1.0000000000
20.0000000000 20.0000000000 1.0000000000
20.0000000000 20.0000000000 1.0000000000
20.0000000000 20.0000000000 1.0000000000
#

20.0000000000 20.0000000000 1.0000000000
20.0000000000 20.0000000000 1.0000000000
20.0000000000 20.0000000000 1.0000000000
20.0000000000 20.0000000000 1.0000000000
#

20.0000000000 20.0000000000 1.0000000000
20.0000000000 20.0000000000 1.0000000000
20.0000000000 20.0000000000 1.0000000000
20.0000000000 20.0000000000 1.0000000000
#

20.0000000000 20.0000000000 1.0000000000
20.0000000000 20.0000000000 1.0000000000
20.0000000000 20.0000000000 1.0000000000
20.0000000000 20.0000000000 1.0000000000
#

20.0000000000 20.0000000000 1.0000000000
20.0000000000 20.0000000000 1.0000000000
20.0000000000 20.0000000000 1.0000000000
20.0000000000 20.0000000000 1.0000000000
#

