180.0000000000 180.0000000000 1.0000000000
180.0000000000 180.0000000000 1.0000000000
180.0000000000 180.0000000000 1.0000000000
180.0000000000 180.0000000000 1.0000000000
#

180.0000000000 180.0000000000 1.0000000000
180.0000000000 180.0000000000 1.0000000000
180.0000000000 180.0000000000 1.0000000000
180.0000000000 180.0000000000 1.0000000000
#

180.0000000000 180.0000000000 1.0000000000
180.0000000000 180.0000000000 1.0000000000
180.0000000000 180.0000000000 1.0000000000
180.0000000000 180.0000000000 1.0000000000
#

180.0000000000 180.0000000000 1.0000000000
180.0000000000 180.0000000000 1.0000000000
180.0000000000 180.0000000000 1.0000000000
180.0000000000 180.0000000000 1.0000000000
#

180.0000000000 180.0000000000 1.0000000000
180.0000000000 180.0000000000 1.0000000000
180.0000000000 180.0000000000 1.0000000000
180.0000000000 180.0000000000 1.0000000000
#

