20.0000000000 20.0000000000 2.0000000000
20.0000000000 20.0000000000 2.0000000000
20.0000000000 20.0000000000 2.0000000000
20.0000000000 20.0000000000 2.0000000000
#

20.0000000000 20.0000000000 2.0000000000
20.0000000000 20.0000000000 2.0000000000
20.0000000000 20.0000000000 2.0000000000
20.0000000000 20.0000000000 2.0000000000
#

20.0000000000 20.0000000000 2.0000000000
20.0000000000 20.0000000000 2.0000000000
20.0000000000 20.0000000000 2.0000000000
20.0000000000 20.0000000000 2.0000000000
#

20.0000000000 20.0000000000 2.0000000000
20.0000000000 20.0000000000 2.0000000000
20.0000000000 20.0000000000 2.0000000000
20.0000000000 20.0000000000 2.0000000000
#

20.0000000000 20.0000000000 2.0000000000
20.0000000000 20.0000000000 2.0000000000
20.0000000000 20.0000000000 2.0000000000
20.0000000000 20.0000000000 2.0000000000
#

20.0000000000 20.0000000000 2.0000000000
20.0000000000 20.0000000000 2.0000000000
20.0000000000 20.0000000000 2.0000000000
20.0000000000 20.0000000000 2.0000000000
#

20.0000000000 20.0000000000 2.0000000000
20.0000000000 20.0000000000 2.0000000000
20.0000000000 20.0000000000 2.0000000000
20.0000000000 20.0000000000 2.0000000000
#

